9.999990000000001135e-05 9.999992500017472752e-01
1.009252886076684579e-04 9.999992360567158123e-01
1.018591388054116922e-04 9.999992218539542899e-01
1.028016298126473545e-04 9.999992073871443177e-01
1.037528415818012690e-04 9.999991926513764895e-01
1.047128548050899619e-04 9.999991776416509159e-01
1.056817509213658533e-04 9.999991623528727835e-01
1.066596121230257798e-04 9.999991467798557965e-01
1.076465213629834987e-04 9.999991309173149601e-01
1.086425623617065533e-04 9.999991147598682462e-01
1.096478196143185150e-04 9.999990983020318192e-01
1.106623783977666307e-04 9.999990815382218123e-01
1.116863247780561209e-04 9.999990644627493319e-01
1.127197456175510346e-04 9.999990470698200129e-01
1.137627285823430973e-04 9.999990293535334640e-01
1.148153621496882939e-04 9.999990113078759402e-01
1.158777356155126111e-04 9.999989929267254496e-01
1.169499391019871001e-04 9.999989742038438711e-01
1.180320635651729795e-04 9.999989551328782866e-01
1.191242008027374951e-04 9.999989357073569840e-01
1.202264434617412975e-04 9.999989159206885692e-01
1.213388850464977283e-04 9.999988957661596345e-01
1.224616199265048566e-04 9.999988752369300959e-01
1.235947433444510525e-04 9.999988543260336371e-01
1.247383514242943116e-04 9.999988330263757108e-01
1.258925411794167165e-04 9.999988113307274329e-01
1.270574105208541540e-04 9.999987892317271365e-01
1.282330582656021449e-04 9.999987667218764864e-01
1.294195841449985961e-04 9.999987437935372592e-01
1.306170888131841560e-04 9.999987204389283457e-01
1.318256738556407130e-04 9.999986966501258623e-01
1.330454417978091223e-04 9.999986724190564891e-01
1.342764961137863776e-04 9.999986477374989136e-01
1.355189412351036099e-04 9.999986225970773912e-01
1.367728825595849139e-04 9.999985969892605242e-01
1.380384264602884921e-04 9.999985709053601513e-01
1.393156802945303069e-04 9.999985443365239091e-01
1.406047524129913791e-04 9.999985172737370087e-01
1.419057521689092197e-04 9.999984897078160184e-01
1.432187899273543456e-04 9.999984616294071982e-01
1.445439770745927444e-04 9.999984330289820589e-01
1.458814260275348321e-04 9.999984038968362521e-01
1.472312502432718783e-04 9.999983742230844630e-01
1.485935642287006860e-04 9.999983439976564137e-01
1.499684835502373655e-04 9.999983132102977512e-01
1.513561248436207985e-04 9.999982818505593896e-01
1.527566058238072572e-04 9.999982499078011733e-01
1.541700452949559331e-04 9.999982173711829958e-01
1.555965631605074368e-04 9.999981842296652434e-01
1.570362804333552405e-04 9.999981504720015790e-01
1.584893192461113377e-04 9.999981160867377206e-01
1.599558028614668796e-04 9.999980810622053351e-01
1.614358556826486269e-04 9.999980453865179308e-01
1.629296032639722489e-04 9.999980090475726335e-01
1.644371723214931730e-04 9.999979720330364197e-01
1.659586907437560427e-04 9.999979343303500023e-01
1.674942876026437328e-04 9.999978959267193934e-01
1.690440931643264085e-04 9.999978568091131281e-01
1.706082389003123645e-04 9.999978169642586012e-01
1.721868574986006712e-04 9.999977763786336293e-01
1.737800828749375506e-04 9.999977350384672281e-01
1.753880501841761322e-04 9.999976929297306194e-01
1.770108958317421078e-04 9.999976500381363431e-01
1.786487574852050687e-04 9.999976063491295974e-01
1.803017740859569080e-04 9.999975618478853523e-01
1.819700858609983455e-04 9.999975165193024651e-01
1.836538343348346309e-04 9.999974703480007943e-01
1.853531623414811315e-04 9.999974233183115402e-01
1.870682140365800502e-04 9.999973754142784665e-01
1.887991349096293590e-04 9.999973266196435784e-01
1.905460717963247056e-04 9.999972769178513410e-01
1.923091728910158126e-04 9.999972262920362454e-01
1.940885877592778011e-04 9.999971747250193665e-01
1.958844673505989861e-04 9.999971221993025905e-01
1.976969640111860623e-04 9.999970686970621747e-01
1.995262314968879571e-04 9.999970142001429751e-01
2.013724249862388098e-04 9.999969586900536722e-01
2.032357010936221644e-04 9.999969021479573339e-01
2.051162178825565396e-04 9.999968445546679741e-01
2.070141348791041899e-04 9.999967858906422258e-01
2.089296130854039282e-04 9.999967261359740123e-01
2.108628149933289286e-04 9.999966652703863312e-01
2.128139045982711916e-04 9.999966032732271470e-01
2.147830474130534028e-04 9.999965401234580664e-01
2.167704104819694869e-04 9.999964757996496756e-01
2.187761623949552108e-04 9.999964102799768773e-01
2.208004733018899767e-04 9.999963435422067892e-01
2.228435149270303439e-04 9.999962755636928602e-01
2.249054605835780745e-04 9.999962063213674313e-01
2.269864851883821857e-04 9.999961357917355187e-01
2.290867652767772866e-04 9.999960639508644888e-01
2.312064790175594729e-04 9.999959907743768417e-01
2.333458062281002410e-04 9.999959162374416621e-01
2.355049283896009141e-04 9.999958403147662933e-01
2.376840286624876358e-04 9.999957629805876769e-01
2.398832919019490439e-04 9.999956842086652475e-01
2.421029046736177914e-04 9.999956039722688317e-01
2.443430552693971877e-04 9.999955222441724301e-01
2.466039337234339360e-04 9.999954389966432267e-01
2.488857318282390813e-04 9.999953542014334840e-01
2.511886431509579545e-04 9.999952678297696629e-01
2.535128630497907672e-04 9.999951798523427637e-01
2.558585886905645327e-04 9.999950902393012209e-01
2.582260190634595959e-04 9.999949989602353595e-01
2.606153549998895219e-04 9.999949059841728438e-01
2.630267991895381954e-04 9.999948112795639110e-01
2.654605561975539115e-04 9.999947148142735998e-01
2.679168324819031699e-04 9.999946165555672062e-01
2.703958364108843349e-04 9.999945164701045108e-01
2.728977782808040880e-04 9.999944145239222371e-01
2.754228703338166195e-04 9.999943106824297212e-01
2.779713267759288653e-04 9.999942049103885955e-01
2.805433637951713021e-04 9.999940971719084581e-01
2.831391995799378771e-04 9.999939874304309972e-01
2.857590543374946405e-04 9.999938756487183333e-01
2.884031503126605490e-04 9.999937617888399188e-01
2.910717118066605486e-04 9.999936458121589933e-01
2.937649651961530520e-04 9.999935276793232575e-01
2.964831389524341947e-04 9.999934073502474430e-01
2.992264636608189246e-04 9.999932847840996564e-01
3.019951720402015813e-04 9.999931599392906101e-01
3.047894989627982962e-04 9.999930327734578572e-01
3.076096814740708336e-04 9.999929032434502485e-01
3.104559588128355052e-04 9.999927713053144984e-01
3.133285724315585676e-04 9.999926369142821958e-01
3.162277660168379394e-04 9.999925000247497087e-01
3.191537855100760640e-04 9.999923605902681922e-01
3.221068791283434826e-04 9.999922185635233829e-01
3.250872973854343115e-04 9.999920738963230527e-01
3.280952931131189904e-04 9.999919265395774692e-01
3.311311214825911017e-04 9.999917764432847411e-01
3.341950400261142263e-04 9.999916235565142753e-01
3.372873086588688341e-04 9.999914678273876811e-01
3.404081897010008905e-04 9.999913092030617845e-01
3.435579478998745636e-04 9.999911476297131951e-01
3.467368504525316351e-04 9.999909830525146592e-01
3.499451670283572347e-04 9.999908154156221807e-01
3.531831697919568850e-04 9.999906446621531497e-01
3.564511334262442078e-04 9.999904707341658039e-01
3.597493351557422715e-04 9.999902935726439068e-01
3.630780547701012917e-04 9.999901131174711022e-01
3.664375746478332261e-04 9.999899293074161477e-01
3.698281797802661377e-04 9.999897420801072689e-01
3.732501577957206013e-04 9.999895513720146178e-01
3.767037989839088614e-04 9.999893571184267360e-01
3.801893963205611282e-04 9.999891592534292384e-01
3.837072454922787449e-04 9.999889577098821647e-01
3.872576449216171500e-04 9.999887524193979971e-01
3.908408957924019446e-04 9.999885433123157918e-01
3.944573020752783869e-04 9.999883303176834159e-01
3.981071705534971897e-04 9.999881133632250174e-01
4.017908108489398177e-04 9.999878923753258153e-01
4.055085354483838273e-04 9.999876672789982379e-01
4.092606597300107963e-04 9.999874379978642702e-01
4.130475019901613440e-04 9.999872044541221472e-01
4.168693834703353970e-04 9.999869665685279241e-01
4.207266283844440444e-04 9.999867242603615036e-01
4.246195639463129284e-04 9.999864774474018780e-01
4.285485203974394460e-04 9.999862260459029262e-01
4.325138310350086415e-04 9.999859699705585525e-01
4.365158322401659465e-04 9.999857091344768190e-01
4.405548635065532188e-04 9.999854434491519672e-01
4.446312674691086210e-04 9.999851728244316673e-01
4.487453899331321299e-04 9.999848971684889287e-01
4.528975799036206312e-04 9.999846163877882388e-01
4.570881896148749879e-04 9.999843303870556976e-01
4.613175745603792966e-04 9.999840390692469327e-01
4.655860935229588922e-04 9.999837423355124599e-01
4.698941086052153674e-04 9.999834400851650429e-01
4.742419852602445672e-04 9.999831322156471636e-01
4.786300923226382664e-04 9.999828186224932747e-01
4.830588020397726177e-04 9.999824991992963819e-01
4.875284901033862450e-04 9.999821738376711844e-01
4.920395356814509080e-04 9.999818424272176598e-01
4.965923214503359861e-04 9.999815048554830943e-01
5.011872336272722023e-04 9.999811610079250013e-01
5.058246620031139895e-04 9.999808107678697100e-01
5.105049999754062481e-04 9.999804540164771716e-01
5.152286445817564134e-04 9.999800906326952177e-01
5.199959965335159556e-04 9.999797204932249217e-01
5.248074602497725030e-04 9.999793434724718599e-01
5.296634438916576846e-04 9.999789594425081418e-01
5.345643593969716693e-04 9.999785682730276681e-01
5.395106225151275435e-04 9.999781698313018330e-01
5.445026528424211669e-04 9.999777639821355590e-01
5.495408738576245539e-04 9.999773505878185587e-01
5.546257129579106960e-04 9.999769295080814802e-01
5.597576014951101495e-04 9.999765006000487233e-01
5.649369748123024256e-04 9.999760637181867029e-01
5.701642722807473852e-04 9.999756187142567754e-01
5.754399373371568574e-04 9.999751654372653897e-01
5.807644175213120099e-04 9.999747037334115740e-01
5.861381645140286388e-04 9.999742334460346438e-01
5.915616341754738501e-04 9.999737544155634650e-01
5.970352865838367317e-04 9.999732664794578341e-01
6.025595860743576801e-04 9.999727694721582960e-01
6.081350012787177907e-04 9.999722632250267473e-01
6.137620051647940580e-04 9.999717475662903698e-01
6.194410750767813606e-04 9.999712223209824558e-01
6.251726927756856783e-04 9.999706873108850091e-01
6.309573444801930926e-04 9.999701423544662404e-01
6.367955209079157646e-04 9.999695872668198371e-01
6.426877173170195525e-04 9.999690218596024582e-01
6.486344335482383634e-04 9.999684459409693416e-01
6.546361740672748068e-04 9.999678593155096884e-01
6.606934480075958224e-04 9.999672617841794953e-01
6.668067692136220911e-04 9.999666531442354955e-01
6.729766562843176236e-04 9.999660331891649934e-01
6.792036326171844085e-04 9.999654017086175850e-01
6.854882264526614664e-04 9.999647584883308848e-01
6.918309709189363358e-04 9.999641033100598042e-01
6.982324040771711567e-04 9.999634359515047199e-01
7.046930689671468233e-04 9.999627561862299840e-01
7.112135136533288913e-04 9.999620637835930914e-01
7.177942912713616364e-04 9.999613585086647438e-01
7.244359600749899391e-04 9.999606401221462493e-01
7.311390834834172354e-04 9.999599083802914734e-01
7.379042301291008354e-04 9.999591630348245719e-01
7.447319739059888363e-04 9.999584038328539481e-01
7.516228940182054620e-04 9.999576305167856560e-01
7.585775750291835285e-04 9.999568428242397999e-01
7.655966069112561754e-04 9.999560404879578313e-01
7.726805850957022296e-04 9.999552232357119541e-01
7.798301105232584253e-04 9.999543907902176398e-01
7.870457896950983729e-04 9.999535428690327077e-01
7.943282347242814224e-04 9.999526791844670637e-01
8.016780633876788992e-04 9.999517994434805601e-01
8.090958991783820525e-04 9.999509033475887376e-01
8.165823713585922562e-04 9.999499905927565768e-01
8.241381150130023528e-04 9.999490608692995774e-01
8.317637711026707684e-04 9.999481138617742904e-01
8.394599865193972874e-04 9.999471492488762880e-01
8.472274141405963669e-04 9.999461667033274770e-01
8.550667128846829550e-04 9.999451658917665187e-01
8.629785477669701596e-04 9.999441464746356978e-01
8.709635899560805045e-04 9.999431081060654591e-01
8.790225168308841075e-04 9.999420504337577231e-01
8.871560120379607447e-04 9.999409730988659817e-01
8.953647655495937168e-04 9.999398757358731737e-01
9.036494737223011537e-04 9.999387579724680064e-01
9.120108393559095286e-04 9.999376194294209430e-01
9.204495717531712253e-04 9.999364597204508653e-01
9.289663867799359152e-04 9.999352784520978421e-01
9.375620069258799741e-04 9.999340752235892360e-01
9.462371613657929613e-04 9.999328496267022581e-01
9.549925860214355817e-04 9.999316012456266334e-01
9.638290236239703242e-04 9.999303296568247124e-01
9.727472237769649917e-04 9.999290344288843668e-01
9.817479430199844113e-04 9.999277151223764371e-01
9.908319448927672881e-04 9.999263712897047407e-01
9.999999999999998040e-04 9.999250024749514187e-01
1.009252886076684227e-03 9.999236082137273884e-01
1.018591388054116515e-03 9.999221880330106949e-01
1.028016298126473247e-03 9.999207414509881930e-01
1.037528415818012636e-03 9.999192679768912351e-01
1.047128548050899185e-03 9.999177671108293586e-01
1.056817509213658262e-03 9.999162383436231982e-01
1.066596121230257771e-03 9.999146811566265169e-01
1.076465213629834283e-03 9.999130950215563418e-01
1.086425623617065343e-03 9.999114794003093332e-01
1.096478196143184933e-03 9.999098337447830387e-01
1.106623783977665927e-03 9.999081574966859343e-01
1.116863247780560666e-03 9.999064500873526828e-01
1.127197456175510265e-03 9.999047109375472919e-01
1.137627285823430458e-03 9.999029394572698237e-01
1.148153621496882451e-03 9.999011350455542235e-01
1.158777356155125731e-03 9.998992970902661481e-01
1.169499391019871055e-03 9.998974249678946880e-01
1.180320635651729280e-03 9.998955180433404255e-01
1.191242008027374680e-03 9.998935756697023836e-01
1.202264434617412786e-03 9.998915971880550924e-01
1.213388850464976795e-03 9.998895819272303198e-01
1.224616199265048458e-03 9.998875292035837026e-01
1.235947433444510362e-03 9.998854383207675944e-01
1.247383514242942412e-03 9.998833085694934786e-01
1.258925411794166839e-03 9.998811392272912713e-01
1.270574105208541540e-03 9.998789295582642955e-01
1.282330582656021015e-03 9.998766788128404803e-01
1.294195841449985798e-03 9.998743862275184524e-01
1.306170888131841451e-03 9.998720510246091875e-01
1.318256738556406642e-03 9.998696724119696677e-01
1.330454417978090735e-03 9.998672495827399809e-01
1.342764961137863505e-03 9.998647817150617678e-01
1.355189412351035395e-03 9.998622679718096595e-01
1.367728825595848543e-03 9.998597075002979562e-01
1.380384264602884650e-03 9.998570994319991856e-01
1.393156802945303124e-03 9.998544428822452312e-01
1.406047524129913412e-03 9.998517369499295704e-01
1.419057521689091926e-03 9.998489807172008526e-01
1.432187899273543348e-03 9.998461732491538134e-01
1.445439770745926902e-03 9.998433135935106408e-01
1.458814260275348050e-03 9.998404007802994542e-01
1.472312502432718837e-03 9.998374338215241242e-01
1.485935642287006427e-03 9.998344117108319828e-01
1.499684835502373059e-03 9.998313334231717642e-01
1.513561248436208094e-03 9.998281979144449938e-01
1.527566058238072084e-03 9.998250041211540484e-01
1.541700452949558951e-03 9.998217509600425545e-01
1.555965631605074314e-03 9.998184373277269055e-01
1.570362804333551646e-03 9.998150621003221161e-01
1.584893192461112998e-03 9.998116241330634590e-01
1.599558028614668634e-03 9.998081222599157769e-01
1.614358556826485510e-03 9.998045552931824620e-01
1.629296032639721784e-03 9.998009220230993366e-01
1.644371723214931242e-03 9.997972212174262019e-01
1.659586907437559560e-03 9.997934516210320588e-01
1.674942876026436515e-03 9.997896119554668948e-01
1.690440931643263922e-03 9.997857009185300292e-01
1.706082389003123374e-03 9.997817171838289108e-01
1.721868574986006170e-03 9.997776594003302542e-01
1.737800828749374964e-03 9.997735261919039607e-01
1.753880501841761051e-03 9.997693161568539377e-01
1.770108958317420265e-03 9.997650278674476976e-01
1.786487574852050090e-03 9.997606598694294133e-01
1.803017740859568863e-03 9.997562106815298666e-01
1.819700858609982859e-03 9.997516787949645156e-01
1.836538343348346038e-03 9.997470626729217935e-01
1.853531623414810935e-03 9.997423607500466325e-01
1.870682140365799743e-03 9.997375714319034490e-01
1.887991349096292777e-03 9.997326930944449019e-01
1.905460717963246677e-03 9.997277240834580025e-01
1.923091728910157313e-03 9.997226627140033406e-01
1.940885877592777361e-03 9.997175072698458731e-01
1.958844673505989210e-03 9.997122560028780525e-01
1.976969640111859647e-03 9.997069071325230816e-01
1.995262314968878920e-03 9.997014588451350603e-01
2.013724249862387881e-03 9.996959092933834778e-01
2.032357010936221807e-03 9.996902565956329312e-01
2.051162178825564637e-03 9.996844988353006389e-01
2.070141348791041790e-03 9.996786340602132892e-01
2.089296130854039445e-03 9.996726602819434593e-01
2.108628149933288419e-03 9.996665754751381527e-01
2.128139045982711374e-03 9.996603775768361233e-01
2.147830474130533324e-03 9.996540644857652147e-01
2.167704104819693622e-03 9.996476340616370360e-01
2.187761623949551620e-03 9.996410841244208756e-01
2.208004733018899442e-03 9.996344124536066245e-01
2.228435149270302680e-03 9.996276167874533769e-01
2.249054605835780311e-03 9.996206948222285948e-01
2.269864851883821207e-03 9.996136442114257337e-01
2.290867652767771944e-03 9.996064625649709878e-01
2.312064790175593753e-03 9.995991474484183792e-01
2.333458062281002030e-03 9.995916963821246393e-01
2.355049283896008382e-03 9.995841068404131002e-01
2.376840286624875599e-03 9.995763762507188233e-01
2.398832919019489897e-03 9.995685019927194048e-01
2.421029046736177751e-03 9.995604813974522385e-01
2.443430552693970793e-03 9.995523117464086837e-01
2.466039337234338710e-03 9.995439902706207969e-01
2.488857318282390596e-03 9.995355141497221929e-01
2.511886431509579003e-03 9.995268805109970289e-01
2.535128630497906696e-03 9.995180864284101130e-01
2.558585886905645219e-03 9.995091289216184727e-01
2.582260190634594766e-03 9.995000049549666032e-01
2.606153549998894460e-03 9.994907114364594003e-01
2.630267991895381303e-03 9.994812452167187722e-01
2.654605561975538139e-03 9.994716030879225999e-01
2.679168324819030614e-03 9.994617817827216033e-01
2.703958364108843132e-03 9.994517779731345586e-01
2.728977782808039362e-03 9.994415882694265285e-01
2.754228703338165111e-03 9.994312092189679975e-01
2.779713267759287895e-03 9.994206373050660286e-01
2.805433637951711828e-03 9.994098689457792117e-01
2.831391995799378229e-03 9.993989004927122943e-01
2.857590543374945863e-03 9.993877282297811693e-01
2.884031503126605490e-03 9.993763483719646512e-01
2.910717118066603968e-03 9.993647570640245004e-01
2.937649651961529978e-03 9.993529503792074609e-01
2.964831389524341838e-03 9.993409243179219859e-01
2.992264636608187728e-03 9.993286748063897607e-01
3.019951720402015271e-03 9.993161976952720238e-01
3.047894989627982637e-03 9.993034887582735726e-01
3.076096814740706710e-03 9.992905436907169037e-01
3.104559588128354402e-03 9.992773581080933720e-01
3.133285724315585351e-03 9.992639275445847069e-01
3.162277660168377660e-03 9.992502474515621014e-01
3.191537855100760532e-03 9.992363131960526612e-01
3.221068791283433850e-03 9.992221200591788755e-01
3.250872973854341923e-03 9.992076632345721077e-01
3.280952931131188386e-03 9.991929378267533357e-01
3.311311214825910041e-03 9.991779388494876901e-01
3.341950400261140420e-03 9.991626612241039096e-01
3.372873086588687366e-03 9.991470997777894825e-01
3.404081897010007712e-03 9.991312492418457092e-01
3.435579478998744551e-03 9.991151042499222257e-01
3.467368504525314508e-03 9.990986593362077839e-01
3.499451670283571913e-03 9.990819089335933878e-01
3.531831697919568525e-03 9.990648473718033440e-01
3.564511334262440885e-03 9.990474688754866772e-01
3.597493351557421414e-03 9.990297675622796802e-01
3.630780547701013133e-03 9.990117374408287176e-01
3.664375746478330635e-03 9.989933724087739497e-01
3.698281797802661051e-03 9.989746662507072994e-01
3.732501577957205146e-03 9.989556126360795707e-01
3.767037989839086554e-03 9.989362051170779244e-01
3.801893963205610523e-03 9.989164371264628306e-01
3.837072454922786906e-03 9.988963019753609451e-01
3.872576449216169441e-03 9.988757928510254569e-01
3.908408957924019121e-03 9.988549028145484732e-01
3.944573020752783002e-03 9.988336247985331040e-01
3.981071705534969946e-03 9.988119516047276880e-01
4.017908108489397744e-03 9.987898759016112793e-01
4.055085354483837189e-03 9.987673902219342814e-01
4.092606597300106445e-03 9.987444869602211117e-01
4.130475019901611380e-03 9.987211583702201301e-01
4.168693834703352669e-03 9.986973965623100469e-01
4.207266283844440444e-03 9.986731935008590355e-01
4.246195639463126899e-03 9.986485410015364383e-01
4.285485203974393267e-03 9.986234307285690726e-01
4.325138310350085981e-03 9.985978541919612317e-01
4.365158322401657513e-03 9.985718027446476297e-01
4.405548635065531862e-03 9.985452675796064881e-01
4.446312674691085993e-03 9.985182397269143362e-01
4.487453899331319239e-03 9.984907100507500743e-01
4.528975799036205445e-03 9.984626692463388631e-01
4.570881896148748687e-03 9.984341078368528244e-01
4.613175745603791122e-03 9.984050161702386905e-01
4.655860935229587730e-03 9.983753844160000446e-01
4.698941086052152265e-03 9.983452025619198311e-01
4.742419852602443829e-03 9.983144604107150322e-01
4.786300923226381905e-03 9.982831475766409390e-01
4.830588020397724551e-03 9.982512534820295880e-01
4.875284901033860065e-03 9.982187673537611383e-01
4.920395356814506911e-03 9.981856782196785183e-01
4.965923214503359211e-03 9.981519749049341250e-01
5.011872336272722023e-03 9.981176460282673579e-01
5.058246620031138160e-03 9.980826799982194242e-01
5.105049999754061180e-03 9.980470650092776452e-01
5.152286445817563267e-03 9.980107890379514846e-01
5.199959965335156954e-03 9.979738398387718590e-01
5.248074602497723729e-03 9.979362049402275003e-01
5.296634438916577280e-03 9.978978716406196048e-01
5.345643593969714308e-03 9.978588270038479813e-01
5.395106225151273700e-03 9.978190578551150436e-01
5.445026528424210151e-03 9.977785507765591921e-01
5.495408738576242069e-03 9.977372921028044850e-01
5.546257129579105008e-03 9.976952679164284854e-01
5.597576014951100194e-03 9.976524640433598323e-01
5.649369748123024906e-03 9.976088660481765569e-01
5.701642722807475153e-03 9.975644592293326784e-01
5.754399373371564888e-03 9.975192286142958720e-01
5.807644175213117280e-03 9.974731589545939858e-01
5.861381645140284653e-03 9.974262347207771828e-01
5.915616341754736766e-03 9.973784400972871556e-01
5.970352865838367100e-03 9.973297589772371907e-01
6.025595860743577017e-03 9.972801749570968655e-01
6.081350012787173354e-03 9.972296713312803762e-01
6.137620051647937544e-03 9.971782310866411647e-01
6.194410750767810787e-03 9.971258368968675123e-01
6.251726927756855699e-03 9.970724711167767706e-01
6.309573444801931143e-03 9.970181157765091173e-01
6.367955209079157429e-03 9.969627525756155073e-01
6.426877173170190971e-03 9.969063628770465924e-01
6.486344335482378647e-03 9.968489277010275096e-01
6.546361740672745032e-03 9.967904277188268658e-01
6.606934480075957357e-03 9.967308432464181411e-01
6.668067692136219610e-03 9.966701542380217438e-01
6.729766562843176453e-03 9.966083402795401502e-01
6.792036326171845169e-03 9.965453805818723643e-01
6.854882264526610328e-03 9.964812539741115804e-01
6.918309709189360106e-03 9.964159388966207231e-01
6.982324040771709615e-03 9.963494133939898578e-01
7.046930689671465631e-03 9.962816551078663707e-01
7.112135136533288479e-03 9.962126412696582500e-01
7.177942912713617014e-03 9.961423486931130222e-01
7.244359600749893970e-03 9.960707537667610190e-01
7.311390834834169752e-03 9.959978324462314125e-01
7.379042301291005752e-03 9.959235602464288073e-01
7.447319739059887062e-03 9.958479122335754941e-01
7.516228940182051801e-03 9.957708630171133724e-01
7.585775750291836803e-03 9.956923867414685381e-01
7.655966069112556116e-03 9.956124570776625493e-01
7.726805850957017309e-03 9.955310472147899103e-01
7.798301105232582735e-03 9.954481298513363496e-01
7.870457896950983079e-03 9.953636771863545452e-01
7.943282347242813790e-03 9.952776609104800887e-01
8.016780633876788992e-03 9.951900521967973479e-01
8.090958991783822260e-03 9.951008216915424587e-01
8.165823713585916924e-03 9.950099395046505535e-01
8.241381150130018540e-03 9.949173752001354565e-01
8.317637711026705516e-03 9.948230977863053992e-01
8.394599865193971139e-03 9.947270757058122026e-01
8.472274141405961717e-03 9.946292768255269312e-01
8.550667128846832152e-03 9.945296684262423526e-01
8.629785477669696392e-03 9.944282171922000924e-01
8.709635899560801142e-03 9.943248892004403761e-01
8.790225168308837822e-03 9.942196499099653639e-01
8.871560120379604411e-03 9.941124641507242954e-01
8.953647655495935651e-03 9.940032961124029010e-01
9.036494737223014356e-03 9.938921093330337353e-01
9.120108393559089865e-03 9.937788666874023402e-01
9.204495717531705964e-03 9.936635303752666681e-01
9.289663867799358501e-03 9.935460619093713364e-01
9.375620069258797790e-03 9.934264221032645947e-01
9.462371613657927227e-03 9.933045710589069044e-01
9.549925860214357118e-03 9.931804681540749025e-01
9.638290236239705627e-03 9.930540720295519819e-01
9.727472237769641678e-03 9.929253405761111484e-01
9.817479430199836307e-03 9.927942309212690608e-01
9.908319448927669845e-03 9.926606994158333475e-01
9.999999999999996739e-03 9.925247016202196626e-01
1.009252886076684140e-02 9.923861922905448107e-01
1.018591388054116732e-02 9.922451253644872793e-01
1.028016298126472466e-02 9.921014539469209526e-01
1.037528415818011855e-02 9.919551302953082406e-01
1.047128548050898882e-02 9.918061058048550649e-01
1.056817509213657871e-02 9.916543309934280348e-01
1.066596121230257467e-02 9.914997554862186036e-01
1.076465213629834716e-02 9.913423280001668614e-01
1.086425623617064476e-02 9.911819963281267576e-01
1.096478196143184196e-02 9.910187073227770815e-01
1.106623783977665580e-02 9.908524068802792018e-01
1.116863247780560536e-02 9.906830399236670193e-01
1.127197456175509961e-02 9.905105503859719107e-01
1.137627285823430631e-02 9.903348811930838824e-01
1.148153621496882625e-02 9.901559742463377223e-01
1.158777356155125081e-02 9.899737704048211517e-01
1.169499391019870188e-02 9.897882094674093079e-01
1.180320635651728976e-02 9.895992301545181169e-01
1.191242008027374420e-02 9.894067700895645689e-01
1.202264434617412656e-02 9.892107657801474385e-01
1.213388850464977055e-02 9.890111525989315755e-01
1.224616199265047591e-02 9.888078647642393193e-01
1.235947433444509538e-02 9.886008353203393773e-01
1.247383514242942325e-02 9.883899961174384963e-01
1.258925411794166623e-02 9.881752777913699326e-01
1.270574105208541194e-02 9.879566097429640648e-01
1.282330582656021276e-02 9.877339201171216887e-01
1.294195841449984931e-02 9.875071357815609074e-01
1.306170888131840541e-02 9.872761823052524921e-01
1.318256738556406252e-02 9.870409839365343885e-01
1.330454417978090172e-02 9.868014635809011503e-01
1.342764961137863332e-02 9.865575427784679663e-01
1.355189412351035828e-02 9.863091416811042844e-01
1.367728825595849150e-02 9.860561790292357021e-01
1.380384264602883479e-02 9.857985721283112346e-01
1.393156802945302170e-02 9.855362368249320770e-01
1.406047524129913108e-02 9.852690874826384171e-01
1.419057521689091536e-02 9.849970369573577411e-01
1.432187899273543001e-02 9.847199965725034199e-01
1.445439770745927423e-02 9.844378760937249062e-01
1.458814260275347052e-02 9.841505837033114323e-01
1.472312502432717753e-02 9.838580259742431000e-01
1.485935642287005906e-02 9.835601078438825917e-01
1.499684835502372755e-02 9.832567325873154962e-01
1.513561248436207617e-02 9.829478017903292564e-01
1.527566058238072344e-02 9.826332153220379562e-01
1.541700452949557737e-02 9.823128713071371809e-01
1.555965631605073229e-02 9.819866660978010531e-01
1.570362804333551299e-02 9.816544942452174460e-01
1.584893192461112738e-02 9.813162484707553812e-01
1.599558028614668156e-02 9.809718196367612775e-01
1.614358556826485727e-02 9.806210967170017057e-01
1.629296032639722044e-02 9.802639667667266687e-01
1.644371723214930331e-02 9.799003148923718376e-01
1.659586907437559516e-02 9.795300242208933028e-01
1.674942876026436211e-02 9.791529758687336216e-01
1.690440931643263575e-02 9.787690489104213798e-01
1.706082389003123201e-02 9.783781203468068233e-01
1.721868574986006734e-02 9.779800650729306710e-01
1.737800828749374096e-02 9.775747558455329944e-01
1.753880501841759837e-02 9.771620632501936132e-01
1.770108958317419962e-02 9.767418556681213282e-01
1.786487574852049787e-02 9.763139992425767799e-01
1.803017740859568299e-02 9.758783578449484741e-01
1.819700858609982902e-02 9.754347930404709821e-01
1.836538343348344607e-02 9.749831640535960853e-01
1.853531623414809981e-02 9.745233277330219712e-01
1.870682140365799093e-02 9.740551385163785936e-01
1.887991349096292473e-02 9.735784483945784107e-01
1.905460717963246633e-02 9.730931068758374991e-01
1.923091728910157963e-02 9.725989609493682631e-01
1.940885877592777795e-02 9.720958550487597272e-01
1.958844673505987996e-02 9.715836310150366417e-01
1.976969640111859300e-02 9.710621280594233795e-01
1.995262314968878140e-02 9.705311827258016333e-01
2.013724249862387100e-02 9.699906288528860054e-01
2.032357010936220940e-02 9.694402975361169350e-01
2.051162178825565244e-02 9.688800170892819530e-01
2.070141348791040142e-02 9.683096130058839179e-01
2.089296130854037536e-02 9.677289079202489042e-01
2.108628149933287899e-02 9.671377215684121564e-01
2.128139045982710767e-02 9.665358707487663459e-01
2.147830474130532977e-02 9.659231692825078763e-01
2.167704104819694055e-02 9.652994279738827954e-01
2.187761623949550580e-02 9.646644545702521834e-01
2.208004733018897880e-02 9.640180537219922297e-01
2.228435149270302160e-02 9.633600269422453177e-01
2.249054605835779791e-02 9.626901725665427678e-01
2.269864851883821033e-02 9.620082857123124498e-01
2.290867652767772378e-02 9.613141582382972450e-01
2.312064790175594187e-02 9.606075787039034530e-01
2.333458062281000556e-02 9.598883323285001268e-01
2.355049283896007775e-02 9.591562009506920949e-01
2.376840286624875079e-02 9.584109629875936509e-01
2.398832919019489376e-02 9.576523933941346600e-01
2.421029046736177318e-02 9.568802636224054137e-01
2.443430552693971400e-02 9.560943415810956303e-01
2.466039337234336715e-02 9.552943915950415921e-01
2.488857318282388861e-02 9.544801743649113934e-01
2.511886431509578396e-02 9.536514469270740424e-01
2.535128630497906349e-02 9.528079626136746194e-01
2.558585886905644785e-02 9.519494710129536852e-01
2.582260190634595720e-02 9.510757179298583441e-01
2.606153549998892899e-02 9.501864453469708316e-01
2.630267991895379395e-02 9.492813913858089148e-01
2.654605561975537445e-02 9.483602902685280833e-01
2.679168324819029834e-02 9.474228722800842606e-01
2.703958364108842438e-02 9.464688637308961150e-01
2.728977782808040056e-02 9.454979869200552667e-01
2.754228703338163289e-02 9.445099600991424538e-01
2.779713267759286247e-02 9.435044974366963988e-01
2.805433637951711134e-02 9.424813089833963264e-01
2.831391995799377448e-02 9.414401006380147541e-01
2.857590543374945516e-02 9.403805741141952890e-01
2.884031503126605056e-02 9.393024269081317046e-01
2.910717118066604575e-02 9.382053522672004764e-01
2.937649651961527983e-02 9.370890391596251590e-01
2.964831389524339930e-02 9.359531722452323343e-01
2.992264636608187034e-02 9.347974318473902811e-01
3.019951720402014664e-02 9.336214939261870960e-01
3.047894989627981943e-02 9.324250300529454138e-01
3.076096814740707577e-02 9.312077073861424470e-01
3.104559588128352060e-02 9.299691886488353765e-01
3.133285724315582749e-02 9.287091321076644812e-01
3.162277660168377053e-02 9.274271915535479138e-01
3.191537855100759491e-02 9.261230162841389557e-01
3.221068791283433069e-02 9.247962510881713172e-01
3.250872973854342096e-02 9.234465362317717529e-01
3.280952931131186912e-02 9.220735074468681125e-01
3.311311214825907873e-02 9.206767959217838637e-01
3.341950400261139986e-02 9.192560282941534266e-01
3.372873086588686758e-02 9.178108266462563503e-01
3.404081897010007018e-02 9.163408085029119965e-01
3.435579478998745245e-02 9.148455868320523043e-01
3.467368504525315809e-02 9.133247700480969788e-01
3.499451670283569571e-02 9.117779620182847600e-01
3.531831697919566443e-02 9.102047620720866705e-01
3.564511334262440018e-02 9.086047650138480147e-01
3.597493351557420893e-02 9.069775611388158909e-01
3.630780547701011746e-02 9.053227362526961031e-01
3.664375746478332196e-02 9.036398716949095578e-01
3.698281797802658449e-02 9.019285443657022450e-01
3.732501577957202110e-02 9.001883267572848846e-01
3.767037989839085860e-02 8.984187869891769873e-01
3.801893963205609656e-02 8.966194888479277481e-01
3.837072454922785952e-02 8.947899918314082823e-01
3.872576449216170308e-02 8.929298511978610575e-01
3.908408957924015825e-02 8.910386180198990314e-01
3.944573020752779879e-02 8.891158392436691038e-01
3.981071705534969252e-02 8.871610577533686204e-01
4.017908108489396529e-02 8.851738124413477404e-01
4.055085354483835974e-02 8.831536382840016186e-01
4.092606597300106619e-02 8.811000664236842139e-01
4.130475019901613115e-02 8.790126242568753190e-01
4.168693834703349893e-02 8.768908355288367318e-01
4.207266283844437321e-02 8.747342204349972672e-01
4.246195639463126031e-02 8.725422957293226256e-01
4.285485203974392227e-02 8.703145748399169213e-01
4.325138310350085113e-02 8.680505679921268758e-01
4.365158322401658381e-02 8.657497823394045833e-01
4.405548635065528046e-02 8.634117221022162836e-01
4.446312674691083044e-02 8.610358887152618212e-01
4.487453899331318025e-02 8.586217809833053272e-01
4.528975799036204924e-02 8.561688952458964552e-01
4.570881896148748513e-02 8.536767255512873742e-01
4.613175745603792510e-02 8.511447638398482729e-01
4.655860935229584607e-02 8.485725001372884657e-01
4.698941086052149663e-02 8.459594227579977366e-01
4.742419852602442615e-02 8.433050185188371017e-01
4.786300923226380344e-02 8.406087729636897432e-01
4.830588020397724031e-02 8.378701705991222770e-01
4.875284901033861279e-02 8.350886951414756565e-01
4.920395356814508125e-02 8.322638297757374293e-01
4.965923214503355221e-02 8.293950574265407383e-01
5.011872336272718553e-02 8.264818610416342359e-01
5.058246620031136426e-02 8.235237238881861765e-01
5.105049999754059792e-02 8.205201298622710748e-01
5.152286445817563093e-02 8.174705638119087459e-01
5.199959965335158862e-02 8.143745118740151057e-01
5.248074602497720259e-02 8.112314618256324383e-01
5.296634438916572596e-02 8.080409034498100551e-01
5.345643593969712226e-02 8.048023289165009420e-01
5.395106225151272833e-02 8.015152331788537587e-01
5.445026528424208589e-02 7.981791143852619008e-01
5.495408738576243457e-02 7.947934743075466546e-01
5.546257129579101192e-02 7.913578187856488144e-01
5.597576014951096551e-02 7.878716581891826998e-01
5.649369748123021090e-02 7.843345078962387085e-01
5.701642722807471336e-02 7.807458887897780198e-01
5.754399373371566623e-02 7.771053277719900398e-01
5.807644175213118320e-02 7.734123582969593125e-01
5.861381645140285174e-02 7.696665209219895054e-01
5.915616341754732777e-02 7.658673638779248671e-01
5.970352865838363110e-02 7.620144436587974468e-01
6.025595860743573201e-02 7.581073256311203767e-01
6.081350012787175435e-02 7.541455846631365256e-01
6.137620051647939279e-02 7.501288057743172866e-01
6.194410750767812002e-02 7.460565848053958282e-01
6.251726927756851016e-02 7.419285291092003742e-01
6.309573444801927500e-02 7.377442582625289846e-01
6.367955209079152745e-02 7.335034047993099771e-01
6.426877173170192359e-02 7.292056149652381691e-01
6.486344335482380208e-02 7.248505494940894467e-01
6.546361740672747287e-02 7.204378844058577647e-01
6.606934480075951632e-02 7.159673118268616854e-01
6.668067692136214752e-02 7.114385408319104931e-01
6.729766562843171596e-02 7.068512983086151502e-01
6.792036326171840832e-02 7.022053298438698521e-01
6.854882264526611368e-02 6.975004006325075112e-01
6.918309709189361667e-02 6.927362964080979735e-01
6.982324040771711871e-02 6.879128243957931543e-01
7.046930689671461467e-02 6.830298142871085165e-01
7.112135136533284663e-02 6.780871192364473776e-01
7.177942912713611290e-02 6.730846168791660977e-01
7.244359600749895878e-02 6.680222103708723935e-01
7.311390834834170793e-02 6.628998294476382558e-01
7.379042301291006967e-02 6.577174315067186861e-01
7.447319739059882204e-02 6.524750027073097369e-01
7.516228940182047291e-02 6.471725590908148362e-01
7.585775750291831598e-02 6.418101477200154337e-01
7.655966069112557504e-02 6.363878478364521918e-01
7.726805850957019217e-02 6.309057720352669874e-01
7.798301105232584296e-02 6.253640674566443014e-01
7.870457896950977528e-02 6.197629169929244064e-01
7.943282347242808239e-02 6.141025405103520685e-01
8.016780633876784135e-02 6.083831960843373299e-01
8.090958991783817056e-02 6.026051812469926938e-01
8.165823713585919352e-02 5.967688342456153316e-01
8.241381150130018540e-02 5.908745353106651388e-01
8.317637711026706904e-02 5.849227079316744460e-01
8.394599865193964894e-02 5.789138201394046224e-01
8.472274141405956860e-02 5.728483857924424605e-01
8.550667128846826948e-02 5.667269658663025567e-01
8.629785477669696392e-02 5.605501697429493557e-01
8.709635899560801142e-02 5.543186564985425058e-01
8.790225168308840598e-02 5.480331361870384166e-01
8.871560120379598513e-02 5.416943711171545717e-01
8.953647655495929059e-02 5.353031771200278399e-01
9.036494737223006724e-02 5.288604248047740208e-01
9.120108393559091253e-02 5.223670407989526865e-01
9.204495717531707699e-02 5.158240089708202580e-01
9.289663867799359542e-02 5.092323716300534153e-01
9.375620069258791545e-02 5.025932307034708391e-01
9.462371613657920288e-02 4.959077488820984314e-01
9.549925860214350526e-02 4.891771507357579041e-01
9.638290236239697995e-02 4.824027237911570620e-01
9.727472237769645147e-02 4.755858195693000168e-01
9.817479430199839430e-02 4.687278545778462147e-01
9.908319448927672968e-02 4.618303112538523214e-01
9.999999999999989453e-02 4.548947388521651369e-01
1.009252886076683481e-01 4.479227542745298218e-01
1.018591388054116004e-01 4.409160428343220084e-01
1.028016298126472744e-01 4.338763589515935437e-01
1.037528415818012029e-01 4.268055267729813362e-01
1.047128548050899194e-01 4.197054407108285479e-01
1.056817509213657386e-01 4.125780658957103331e-01
1.066596121230256877e-01 4.054254385363782465e-01
1.076465213629833884e-01 3.982496661810054905e-01
1.086425623617064823e-01 3.910529278734253267e-01
1.096478196143184369e-01 3.838374741979569960e-01
1.106623783977665892e-01 3.766056272062487942e-01
1.116863247780559842e-01 3.693597802194757418e-01
1.127197456175509233e-01 3.621023974990981720e-01
1.137627285823429729e-01 3.548360137793360458e-01
1.148153621496881965e-01 3.475632336543904022e-01
1.158777356155125393e-01 3.402867308134457369e-01
1.169499391019870466e-01 3.330092471164038392e-01
1.180320635651728040e-01 3.257335915033276463e-01
1.191242008027373483e-01 3.184626387305612427e-01
1.202264434617411892e-01 3.111993279265548584e-01
1.213388850464976326e-01 3.039466609604698499e-01
1.224616199265047833e-01 2.967077006167654352e-01
1.235947433444509747e-01 2.894855685690796987e-01
1.247383514242942637e-01 2.822834431469100624e-01
1.258925411794165894e-01 2.751045568887894865e-01
1.270574105208540361e-01 2.679521938759128474e-01
1.282330582656020512e-01 2.608296868404667013e-01
1.294195841449985174e-01 2.537404140432398258e-01
1.306170888131840679e-01 2.466877959154949729e-01
1.318256738556406460e-01 2.396752914605095042e-01
1.330454417978089443e-01 2.327063944106944338e-01
1.342764961137862534e-01 2.257846291367340552e-01
1.355189412351034683e-01 2.189135463058184683e-01
1.367728825595847797e-01 2.120967182866751177e-01
1.380384264602883826e-01 2.053377342998631006e-01
1.393156802945302586e-01 1.986401953125718212e-01
1.406047524129912241e-01 1.920077086780263009e-01
1.419057521689090495e-01 1.854438825205280972e-01
1.432187899273542064e-01 1.789523198681685912e-01
1.445439770745926555e-01 1.725366125362921277e-01
1.458814260275347330e-01 1.662003347659530839e-01
1.472312502432717995e-01 1.599470366227936091e-01
1.485935642287006253e-01 1.537802371630691833e-01
1.499684835502371749e-01 1.477034173748827950e-01
1.513561248436206541e-01 1.417200129041146783e-01
1.527566058238071234e-01 1.358334065760291309e-01
1.541700452949558153e-01 1.300469207250773418e-01
1.555965631605073507e-01 1.243638093470475631e-01
1.570362804333551576e-01 1.187872500893820960e-01
1.584893192461111489e-01 1.133203360972115659e-01
1.599558028614667116e-01 1.079660677344445180e-01
1.614358556826484548e-01 1.027273442010725596e-01
1.629296032639721004e-01 9.760695506971166224e-02
1.644371723214930470e-01 9.260757176630110554e-02
1.659586907437559655e-01 8.773173902179158545e-02
1.674942876026435379e-01 8.298186632357784642e-02
1.690440931643262257e-01 7.836021939735809960e-02
1.706082389003121813e-01 7.386891175202120463e-02
1.721868574986005762e-01 6.950989632203877222e-02
1.737800828749374304e-01 6.528495724370066144e-02
1.753880501841760253e-01 6.119570180331899978e-02
1.770108958317420378e-01 5.724355259725176504e-02
1.786487574852048676e-01 5.342973994522652592e-02
1.803017740859567120e-01 4.975529459997144605e-02
1.819700858609981653e-01 4.622104079755810779e-02
1.836538343348345093e-01 4.282758969409922872e-02
1.853531623414810259e-01 3.957533323552711590e-02
1.870682140365799717e-01 3.646443850805147074e-02
1.887991349096291016e-01 3.349484261755784897e-02
1.905460717963245176e-01 3.066624814662263082e-02
1.923091728910156506e-01 2.797811923797485431e-02
1.940885877592776754e-01 2.542967835307946220e-02
1.958844673505988343e-01 2.301990375406553352e-02
1.976969640111859716e-01 2.074752775640499244e-02
1.995262314968877237e-01 1.861103579857667847e-02
2.013724249862386129e-01 1.660866637337618870e-02
2.032357010936219621e-01 1.473841186354923199e-02
2.051162178825563509e-01 1.299802032199608506e-02
2.070141348791040559e-01 1.138499823391571353e-02
2.089296130854038092e-01 9.896614294894089808e-03
2.108628149933288731e-01 8.529904235089624462e-03
2.128139045982709587e-01 7.281676715310747214e-03
2.147830474130531520e-01 6.148520315906961381e-03
2.167704104819692668e-01 5.126811634007044996e-03
2.187761623949551204e-01 4.212724498721538181e-03
2.208004733018898158e-01 3.402240307504475827e-03
2.228435149270302784e-01 2.691159479933356771e-03
2.249054605835778264e-01 2.075114017744765157e-03
2.269864851883819645e-01 1.549581152070360389e-03
2.290867652767770990e-01 1.109898050490498939e-03
2.312064790175593076e-01 7.512775477885193622e-04
2.333458062281000833e-01 4.688248552023382087e-04
2.355049283896008261e-01 2.575551935755130101e-04
2.376840286624873622e-01 1.124122861749998693e-04
2.398832919019487919e-01 2.828763713379554682e-05
2.421029046736175583e-01 4.051157583660165635e-08
2.443430552693969804e-01 2.251852357299896865e-05
2.466039337234337547e-01 9.057872826978250488e-05
2.488857318282389486e-01 1.991091048936968310e-04
2.511886431509579021e-01 3.430503080638384536e-04
2.535128630497904267e-01 5.174175559377780682e-04
2.558585886905642703e-01 7.173225154267993866e-04
2.582260190634593777e-01 9.379950370957822366e-04
2.606153549998893038e-01 1.174804585588197069e-03
2.630267991895380297e-01 1.423281205619855759e-03
2.654605561975538208e-01 1.679135858946926392e-03
2.679168324819028446e-01 1.938279964059450760e-03
2.703958364108841050e-01 2.196843969264902253e-03
2.728977782808038599e-01 2.451194787608089714e-03
2.754228703338164053e-01 2.697951925578464215e-03
2.779713267759286732e-01 2.934002138842449481e-03
2.805433637951711967e-01 3.156512454142058367e-03
2.831391995799375505e-01 3.362941403278891551e-03
2.857590543374943781e-01 3.551048324272356154e-03
2.884031503126602836e-01 3.718900596090811504e-03
2.910717118066603049e-01 3.864878686853185415e-03
2.937649651961528607e-01 3.987678911107895435e-03
2.964831389524340555e-01 4.086313809702570021e-03
2.992264636608187867e-01 4.160110085753937655e-03
3.019951720402012096e-01 4.208704052292145184e-03
3.047894989627982221e-01 4.232034571094453815e-03
3.076096814740705288e-01 4.230333487876352348e-03
3.104559588128350534e-01 4.204113596202671208e-03
3.133285724315583720e-01 4.154154190879490345e-03
3.162277660168374416e-01 4.081484300961448278e-03
3.191537855100760601e-01 3.987363722455720093e-03
3.221068791283430710e-01 3.873262000979526935e-03
3.250872973854343484e-01 3.740835544568990242e-03
3.280952931131187467e-01 3.591903076112879477e-03
3.311311214825905513e-01 3.428419662984173895e-03
3.341950400261140541e-01 3.252449587862740396e-03
3.372873086588684122e-01 3.066138348943059280e-03
3.404081897010007851e-01 2.871684099164773830e-03
3.435579478998742609e-01 2.671308852257367385e-03
3.467368504525309980e-01 2.467229797710226470e-03
3.499451670283569849e-01 2.261631076780786214e-03
3.531831697919564639e-01 2.056636376853035030e-03
3.564511334262440712e-01 1.854282701446081623e-03
3.597493351557418673e-01 1.656495667590856093e-03
3.630780547701012440e-01 1.465066670860126459e-03
3.664375746478328866e-01 1.281632240870803985e-03
3.698281797802655535e-01 1.107655886486140495e-03
3.732501577957203498e-01 9.444127002672292369e-04
3.767037989839083223e-01 7.929769561085359087e-04
3.801893963205610349e-01 6.542128927377585451e-04
3.837072454922783038e-01 5.287688292990970484e-04
3.872576449216171834e-01 4.170747081461093769e-04
3.908408957924016658e-01 3.193431049760131609e-04
3.944573020752777937e-01 2.355736884001348181e-04
3.981071705534970362e-01 1.655610509721658287e-04
4.017908108489394170e-01 1.089057727037512596e-04
4.055085354483837223e-01 6.502851741807124004e-05
4.092606597300104121e-01 3.318690323819266521e-05
4.130475019901606593e-01 1.249483244873777265e-05
4.168693834703350309e-01 1.943914310578718067e-06
4.207266283844434129e-01 4.265685404902293033e-07
4.246195639463126170e-01 6.760358445000678081e-06
4.285485203974390145e-01 1.971307238706669377e-05
4.325138310350085669e-01 3.802805150795136933e-05
4.365158322401654911e-01 6.044925139872459518e-05
4.405548635065525964e-01 8.574552647953135741e-05
4.446312674691084155e-01 1.127336387134134234e-04
4.487453899331314555e-01 1.402995171832072910e-04
4.528975799036205063e-01 1.674173319066533656e-04
4.570881896148745183e-01 1.931659936291246424e-04
4.613175745603793065e-01 2.167427504362269867e-04
4.655860935229585440e-01 2.374736207321602878e-04
4.698941086052146887e-01 2.548204789500999609e-04
4.742419852602444141e-01 2.683846934830788340e-04
4.786300923226377013e-01 2.779073036413920125e-04
4.830588020397725280e-01 2.832658115998412532e-04
4.875284901033857810e-01 2.844677537552244679e-04
4.920395356814499799e-01 2.816413010172761104e-04
4.965923214503356609e-01 2.750232166208782438e-04
5.011872336272715778e-01 2.649445704527019245e-04
5.058246620031137120e-01 2.518146681692512087e-04
5.105049999754055490e-01 2.361036993434808163e-04
5.152286445817564342e-01 2.183246396681331515e-04
5.199959965335154699e-01 1.990149564696302119e-04
5.248074602497717622e-01 1.787186635797527435e-04
5.296634438916574261e-01 1.579692507029774936e-04
5.345643593969708895e-01 1.372739741750105013e-04
5.395106225151273804e-01 1.170999414673206323e-04
5.445026528424204981e-01 9.786235264661115080e-05
5.495408738576244012e-01 7.991518056523357852e-05
5.546257129579102996e-01 6.354448071916805852e-05
5.597576014951092249e-01 4.896442481055949235e-05
5.649369748123022061e-01 3.631605278531784703e-05
5.701642722807467312e-01 2.566864037412611420e-05
5.754399373371567039e-01 1.702348687375983754e-05
5.807644175213114712e-01 1.031984484768402020e-05
5.861381645140276708e-01 5.442643058776032435e-06
5.915616341754734719e-01 2.231599231566340007e-06
5.970352865838359779e-01 4.912824739726259238e-07
6.025595860743574450e-01 1.667871236982122828e-09
6.081350012787171133e-01 5.287285013210494809e-07
6.137620051647940667e-01 1.834632565612286923e-06
6.194410750767808116e-01 3.687154154979501660e-06
6.251726927756846575e-01 5.867963165313904140e-06
6.309573444801928055e-01 8.179529955767792722e-06
6.367955209079149137e-01 1.045045979671417456e-05
6.426877173170193469e-01 1.253915675977710328e-05
6.486344335482375767e-01 1.433580200271183494e-05
6.546361740672748120e-01 1.576271293892762644e-05
6.606934480075954408e-01 1.677322336177646930e-05
6.668067692136209201e-01 1.734928654064356117e-05
6.729766562843173539e-01 1.749805068468413883e-05
6.792036326171836391e-01 1.724768697112179943e-05
6.854882264526612756e-01 1.664276359844480115e-05
6.918309709189357504e-01 1.573945519645048212e-05
6.982324040771700213e-01 1.460085663649355432e-05
7.046930689671463410e-01 1.329263605691912894e-05
7.112135136533278557e-01 1.187921679069310656e-05
7.177942912713612955e-01 1.042062548432407092e-05
7.244359600749891159e-01 8.970087973432142010e-06
7.311390834834172736e-01 7.572399390966747742e-06
7.379042301291002248e-01 6.263044207670731469e-06
7.447319739059877763e-01 5.067998565843647563e-06
7.516228940182049234e-01 4.004113715953069835e-06
7.585775750291826602e-01 3.079957021988739017e-06
7.655966069112559724e-01 2.296976290026947884e-06
7.726805850957013666e-01 1.650853545447782999e-06
7.798301105232585684e-01 1.132924424689221885e-06
7.870457896950978638e-01 7.315569695249651704e-07
7.943282347242801578e-01 4.334062989381761597e-07
8.016780633876786633e-01 2.244867178175499500e-07
8.090958991783812060e-01 9.102776259568095915e-08
8.165823713585921295e-01 2.010331829921315467e-08
8.241381150130013822e-01 4.167482184671067084e-11
8.317637711026695246e-01 2.063830977385076817e-08
8.394599865193966837e-01 7.320208165701341264e-08
8.472274141405951031e-01 1.504698146018977051e-07
8.550667128846828335e-01 2.464248624142457646e-07
8.629785477669691396e-01 3.560533394713813568e-07
8.709635899560804750e-01 4.750685261185661681e-07
8.790225168308835046e-01 5.996305423525470611e-07
8.871560120379592407e-01 7.260854208626985780e-07
8.953647655495932112e-01 8.507454184689197357e-07
9.036494737222999785e-01 9.697305258638536325e-07
9.120108393559093196e-01 1.078889020197693189e-06
9.204495717531702148e-01 1.173811685152695289e-06
9.289663867799361485e-01 1.249949142726158014e-06
9.375620069258794320e-01 1.302834007531275215e-06
9.462371613657913905e-01 1.328399184384987977e-06
9.549925860214353301e-01 1.323371121738298336e-06
9.638290236239691611e-01 1.285703430378874006e-06
9.727472237769647645e-01 1.215003815642021522e-06
9.817479430199832491e-01 1.112897893200868622e-06
9.908319448927656037e-01 9.832695753682097052e-07
1.000000000000000000e+00 8.323209426430777966e-07
